3 21 1 10 7 1 4 8 1 1 1 1 2 1 1 1 6 1 1 1 3 1 4 1 1 1 1 1 2 2 1 4 1 1 1 1 1 2 1 1 1 1 1 2 4 1 1 1 1 1 1 1 
26 1 1 2 2 2 5 9 1 1 6 2 3 3 1 3 1 4 2 1 1 1 3 2 2 1 1 1 1 1 1 1 1 3 1 1 1 1 1 1 1 1 2 1 1 1 
3 5 4 3 5 2 3 4 2 2 4 2 5 2 1 2 3 1 1 1 1 2 1 4 3 1 1 4 2 2 4 1 1 1 6 1 2 1 2 1 1 1 1 1 1 1 
5 22 1 2 1 1 3 2 2 1 1 12 7 10 1 1 4 1 2 2 1 1 6 8 1 1 1 1 1 2 3 1 1 1 1 1 5 1 3 1 1 1 2 2 3 2 1 1 1 1 1 
12 5 5 9 1 1 2 3 1 1 1 2 3 1 1 1 1 1 3 1 1 3 1 1 1 1 2 1 2 1 6 7 1 2 2 4 1 1 4 1 1 1 1 1 1 1 1 1 1 1 
10 6 14 3 11 4 3 2 2 1 2 1 8 1 1 1 1 2 1 1 1 1 4 1 2 1 2 1 10 1 1 1 1 1 1 1 1 1 1 1 1 2 1 1 1 1 1 1 1 1 1 1 1 1 1 1 1 1 1 
14 38 13 11 12 13 1 2 1 1 1 1 1 1 1 1 1 1 14 2 4 6 2 3 1 1 1 1 1 1 1 1 1 1 2 2 1 2 1 1 1 1 1 
16 13 15 15 13 1 1 5 2 4 5 1 4 1 1 1 1 2 3 1 3 1 1 2 1 1 1 2 1 1 1 1 1 1 1 
29 15 7 1 1 1 2 4 1 2 2 1 1 10 1 8 3 1 1 1 1 1 2 2 1 1 1 1 1 1 1 2 1 1 1 1 1 1 1 3 2 1 1 1 3 1 1 1 
37 4 2 1 1 1 3 3 2 1 2 6 3 3 1 2 1 1 1 14 1 11 1 10 2 2 1 1 1 1 1 1 1 1 1 1 1 1 1 1 1 1 4 1 1 1 1 1 1 1 1 1 

